0,1.968131,0
0,1.354758,0
0.05187618,1.5,0.5066608
0.09476913,1.5,1.198941
0.06319229,1.5,1.889538
-0.01414765,1.500005,2.430149
-0.1338468,1.500005,3.032793
-0.2868592,1.500005,3.686198
-0.4712008,2.544005,4.39691
-0.5765079,3.447605,4.782131
-0.6888701,4.224845,5.182954
-0.8075018,4.888361,5.597894
-0.9316009,5.449525,6.025643
-1.060635,5.918573,6.464966
-1.194125,6.304717,6.91475
-1.331639,6.616245,7.373993
-1.472789,6.860621,7.841794
-1.617416,7.044559,8.317281
-1.765472,7.174104,8.799637
-1.917198,7.254694,9.288029
-2.074508,7.291225,9.787185
-2.267156,7.336929,10.38308
-2.488731,7.387372,11.05758
-2.73319,7.438454,11.79433
-2.994988,7.486404,12.57864
-3.27051,7.531088,13.40224
-3.556913,7.574162,14.26084
-3.85021,7.617279,15.15079
-4.147599,7.66209,16.06831
-4.446939,7.710254,17.00969
-4.746794,7.763437,17.9712
-5.046142,7.823315,18.94914
-5.342586,7.891565,19.94009
-5.633012,7.969855,20.9406
-5.913538,8.059819,21.94704
-6.179376,8.163016,22.95535
-6.427711,8.280871,23.96107
-6.656525,8.414596,24.95939
-6.866162,8.565087,25.94559
-7.057325,8.732821,26.91482
-7.102406,8.847782,28.5604
-7.131811,8.915247,30.10412
-7.146334,8.939965,31.55607
-7.14636,8.926211,32.92526
-7.132459,8.877833,34.21983
-7.105143,8.798293,35.44709
-7.065414,8.690707,36.61374
-7.014287,8.557879,37.72584
-6.952562,8.402334,38.78882
-6.881179,8.226344,39.80761
-6.801091,8.031953,40.78667
-6.713156,7.821001,41.73003
-6.618145,7.595144,42.64132
-6.516753,7.355873,43.52378
-6.409606,7.104528,44.38035
-6.296397,6.842319,45.21344
-6.174378,6.57033,46.02446
-6.036994,6.28954,46.81268
-5.876877,6.000829,47.57536
-5.687568,5.704989,48.30792
-5.465961,5.402733,49.00668
-5.212429,5.094703,49.6711
-4.929936,4.781476,50.30434
-4.621336,4.463572,50.90956
-4.289195,4.141458,51.48958
-3.935641,3.815555,52.04667
-3.562406,3.486243,52.58258
-3.171175,3.153862,53.09906
-2.763704,2.818719,53.59809
-2.341574,2.48109,54.08144
-1.906206,3.221225,54.55069
-1.459121,3.851345,55.00769
-1.001999,4.382454,55.45453
-0.536429,4.824452,55.89322
-0.06372973,5.18625,56.32536
0.4147458,5.475868,56.7517
0.8983966,5.700524,57.17295
1.386747,5.866715,57.58965
1.879304,5.980287,58.00237
2.375356,6.046501,58.412
2.87351,6.070094,58.82035
3.371149,6.055328,59.23057
3.864777,6.006038,59.64632
4.35147,5.925677,60.07018
4.828749,5.817353,60.50393
5.294318,5.683861,60.94894
5.747448,5.527718,61.40533
6.187236,5.35119,61.87329
6.613431,5.156314,62.35258
7.02318,4.944926,62.84414
7.414743,4.718677,63.34814
7.785712,4.479052,63.86481
8.135611,4.22739,64.39363
8.461047,3.964895,64.93456
8.761514,3.692648,65.48685
9.033545,3.411627,66.04984
9.27285,3.122707,66.6223
9.475396,2.82668,67.2023
9.638393,2.549455,67.78781
9.759461,2.289153,68.37634
9.836652,2.044081,68.96502
9.868958,1.812716,69.55098
9.856751,1.593688,70.13195
9.801888,1.385762,70.70675
8.986987,2.267829,71.27498
8.207662,3.02569,71.83703
7.46032,3.671764,72.39355
6.741729,4.217231,72.94512
6.04898,4.672151,73.49229
5.379364,5.045579,74.03545
4.73027,5.345664,74.5748
4.099346,5.579741,75.11051
3.484739,5.75441,75.64299
2.884521,5.875612,76.17235
2.296867,5.948694,76.6986
1.720399,5.978468,77.22202
1.1544,5.969265,77.74333
0.5992095,5.924981,78.26409
0.05489516,5.849126,78.78542
-0.4772281,5.744857,79.30926
-0.997932,5.615015,79.83578
-1.508293,5.462156,80.36482
-2.008991,5.288584,80.89647
-2.500438,5.096369,81.43092
-2.982705,4.887375,81.96859
-3.454956,4.663281,82.50978
-3.916402,4.425596,83.05537
-4.366292,4.17568,83.60606
-4.803065,3.914755,84.16291
-5.223924,3.643923,84.72733
-5.626679,3.364174,85.30013
-6.007878,3.0764,85.88224
-6.36464,2.781403,86.47401
-6.695009,2.479906,87.07526
-6.998262,2.172559,87.68546
-7.27216,1.859946,88.30401
-7.515881,1.542595,88.93008
-7.729173,1.220978,89.56277
-7.912903,1.975524,90.20125
-8.068335,2.618615,90.84475
-8.195413,3.161397,91.49235
-8.29577,3.6139,92.14346
-8.369574,3.985153,92.79721
-8.413966,4.283281,93.45182
-8.429345,4.515596,94.10635
-8.415763,4.688679,94.75971
-8.373755,4.808455,95.41103
-8.304825,4.880252,96.05992
-8.210441,4.90887,96.70606
-8.092691,4.898626,97.34954
-7.95389,4.853407,97.99067
-7.796009,4.77671,98.62968
-7.620823,4.671682,99.26676
-7.43004,4.541157,99.90216
-7.225195,4.387684,100.5361
-7.007669,4.213559,101.1687
-6.778707,4.020846,101.8003
-6.539536,3.811405,102.4309
-6.291479,3.586908,103.061
-6.035511,3.34886,103.6906
-5.772509,3.098617,104.32
-5.503371,2.837399,104.9492
-5.179039,2.619362,105.6749
-4.809615,2.437395,106.4781
-4.404279,2.284725,107.3418
-3.971402,2.154947,108.2507
-3.518877,2.042042,109.1916
-3.054983,1.942711,110.1576
-2.587,1.857152,111.1474
-2.121201,1.785624,112.1592
-1.664107,1.728442,113.1911
-1.219705,1.685969,114.2401
-0.7902485,1.658603,115.3033
-0.3754108,1.64677,116.3776
0.02584299,1.65091,117.46
0.4144127,1.67147,118.5471
0.7911016,1.708881,119.6359
1.156598,1.763541,120.7237
1.511479,1.835792,121.8074
1.856206,1.925893,122.8844
2.191132,2.033989,123.9515
2.516497,2.160077,125.0059
2.832437,2.303969,126.0447
3.138984,2.465264,127.0648
3.436081,2.643316,128.0634
3.723463,2.837214,129.0378
4.000191,3.045781,129.9852
4.265109,3.26757,130.9034
4.517384,3.500898,131.7902
4.756501,3.743878,132.6438
4.98225,3.994472,133.4628
5.194469,4.250552,134.2462
5.371021,4.445024,135.7429
5.527159,4.584048,137.1617
5.663795,4.67317,138.5105
5.782124,4.71738,139.7961
5.883596,4.721169,141.0251
5.969394,4.688579,142.2029
6.039825,4.623248,143.3348
6.093919,4.52845,144.4251
6.130064,4.407131,145.4774
6.147816,4.261945,146.4953
6.146911,4.095277,147.4817
6.128098,3.909276,148.4395
6.092669,3.705875,149.3716
6.042147,3.486814,150.2805
5.978029,3.25366,151.1686
5.901539,3.007821,152.038
5.813901,2.750565,152.8906
5.716217,2.483036,153.7281
5.609478,2.206259,154.5522
5.494821,1.92116,155.3642
5.373394,1.628571,156.1655
5.246107,1.32924,156.9573
5.113411,1.023843,157.7406
4.975341,0.7129857,158.5161
4.831805,0.397214,159.2845
4.679219,0.07701945,160.0561
4.517776,-0.2471556,160.8304
4.348346,-0.5749131,161.6072
4.01209,-0.9895278,161.5
3.219467,0.007768333,161.5
2.4976,0.8757515,161.5
1.839998,1.627662,161.5
1.240718,2.275498,161.5
0.6944578,2.830133,161.5
0.1963488,3.301454,161.5
-0.2579843,3.699956,161.5
-0.6584991,4.019939,161.5
-1.330268,4.464995,161.5
-1.972847,4.762579,161.6071
-2.691214,4.962583,161.9248
-3.505538,5.083545,162.3792
-3.949222,5.119198,162.6416
-4.413531,5.140485,162.9251
-4.892882,5.148844,163.2322
-5.37574,5.145566,163.5705
-5.845888,5.131817,163.9474
-6.282744,5.108642,164.366
-6.67113,5.076985,164.8232
-7.00115,5.037694,165.3131
-7.270677,4.991531,165.8299
-7.484291,4.939185,166.3705
-7.647565,4.881274,166.9325
-7.760549,4.901668,167.4893
-7.833757,4.905747,168.067
-7.868581,4.906563,168.6594
-7.862671,4.906726,169.2614
-7.19971,4.906772,169.4
-6.523086,4.906772,169.5109
-5.985328,4.90665,169.4931
-5.589195,4.906766,169.8487
-5.089568,4.906767,170.396
-4.721208,4.906767,170.847
-4.363863,4.906767,171.3691
-4.038283,4.906767,171.9566
-3.746899,4.906767,172.5991
-3.485511,4.906767,173.2866
-3.255795,4.906767,174.0118
-3.065415,4.906767,174.7688
-2.916779,4.906767,175.552
-2.856368,5.975967,175.9599
-2.803759,6.902247,176.375
-2.757838,7.699899,176.7967
-2.717098,8.381785,177.2244
-2.679842,8.959483,177.6575
-2.643955,9.443411,178.0955
-2.608288,9.842946,178.5379
-2.571302,10.16653,178.9842
-2.532537,10.42175,179.4339
-2.44961,10.75378,180.3424
-2.360028,10.88593,181.2662
-2.2634,10.85617,182.2163
-2.161018,10.69526,183.1882
-2.108098,10.57361,183.681
-2.054292,10.42813,184.178
-1.999778,10.26119,184.6787
-1.944805,10.07495,185.1829
-1.889603,9.87133,185.6902
-1.834375,9.652074,186.2005
-1.779306,9.418743,186.7135
-1.724845,9.172746,187.229
-1.671491,8.915348,187.7469
-1.6196,8.64769,188.267
-1.569211,8.370797,188.7892
-1.520549,8.085594,189.3134
-1.474005,7.792912,189.8393
-1.42965,7.493497,190.367
-1.387261,7.188024,190.8963
-1.346641,6.877098,191.427
-1.30761,6.561265,191.9592
-1.27003,6.241015,192.4921
-1.233753,5.91679,193.0258
-1.198648,5.588988,193.5602
-1.164593,5.257966,194.0953
-1.131483,4.924046,194.6311
-1.099221,4.587518,195.1676
-1.067251,4.248643,195.715
-1.035543,3.907656,196.2724
-1.004068,3.564767,196.8387
-0.9729131,3.220167,197.4131
-0.9421576,2.874027,197.9949
-0.9118725,2.526501,198.5833
-0.8820087,2.177728,199.1779
-0.8525219,1.827832,199.7779
-0.8229592,1.476926,200.3933
-0.7933261,1.12511,201.0225
-0.7636276,0.7724758,201.6641
-0.7401602,0.8797722,202.179
-0.7154602,0.9012314,202.7297
-0.69047,0.9055233,203.2945
-0.6653734,0.9063778,203.8686
-0.6402064,0.9065487,204.4504
-0.614976,0.906583,205.0389
-0.5896841,0.9065899,205.6336
-0.5643318,0.906591,206.2338
-0.5389205,0.9065914,206.8391
-0.5138422,0.9065914,207.449
-0.4908735,1.950591,208.074
-0.4726158,2.854191,208.7056
-0.4593238,3.631431,209.3431
-0.4466357,4.294947,209.9862
-0.4264094,4.856112,210.6337
-0.3876961,5.32516,211.2827
-0.3237423,5.711303,211.9299
-0.2341148,6.022831,212.5739
-0.1195446,6.267207,213.2142
0.01770844,6.451146,213.851
0.1758215,6.58069,214.4845
0.3532578,6.66128,215.1149
0.5519705,6.697811,215.7481
0.7695119,6.694688,216.3843
1.001925,6.655879,217.0243
1.246085,6.584949,217.6687
1.499523,6.485114,218.3177
1.760122,6.359261,218.9715
2.022367,6.209994,219.6318
2.282441,6.039653,220.2991
2.538654,5.850347,220.9736
2.790113,5.643971,221.6549
3.03627,5.422233,222.3426
3.295212,5.242644,223.1115
3.563283,5.098486,223.9453
3.83783,4.983434,224.8294
4.11623,4.892156,225.7514
4.397222,4.824573,226.7058
4.676985,4.780712,227.6876
4.949999,4.760674,228.6922
5.210385,4.764599,229.7151
5.452375,4.792618,230.751
5.666616,4.844797,231.7941
5.84765,4.921068,232.8378
5.99043,5.02115,233.8748
6.092162,5.144475,234.8983
6.152031,5.29012,235.9014
6.170475,5.456758,236.8784
6.150281,5.642644,237.8246
6.095242,5.845635,238.7368
6.009103,6.063236,239.612
5.895085,6.292687,240.4477
5.755114,6.531058,241.2413
5.589872,6.775357,241.9899
5.39976,7.022639,242.6909
5.1865,7.270096,243.3435
4.472689,7.456807,244.5343
3.776707,7.588847,245.6626
3.096735,7.671683,246.7347
2.431436,7.710236,247.7567
1.778908,7.708933,248.7331
1.137841,7.671761,249.6685
0.5070524,7.602305,250.5671
-0.1145211,7.503796,251.4326
-0.7278365,7.379137,252.2684
-1.333755,7.230944,253.0774
-1.933052,7.061571,253.8624
-2.526424,6.873135,254.6258
-3.1145,6.667542,255.3698
-3.697845,6.446508,256.0964
-4.276967,6.211578,256.8073
-4.844524,5.964141,257.5108
-5.394325,5.705448,258.2122
-5.924291,5.436624,258.914
-6.434942,5.158682,259.6169
-6.92761,4.872535,260.321
-7.403738,4.579002,261.0266
-7.865002,4.278822,261.7335
-8.312909,3.972661,262.4416
-8.748817,4.741116,263.1508
-9.173947,5.396725,263.8611
-9.589398,5.950773,264.5725
-9.99616,6.413416,265.2848
-10.39503,6.793796,265.9974
-10.78733,7.100137,266.7103
-11.17385,7.339844,267.4232
-11.55532,7.51958,268.1364
-11.93227,7.645342,268.8496
-12.30554,7.722529,269.5628
-12.67665,7.755997,270.2755
-13.04693,7.750118,270.9873
-13.4193,7.708827,271.6968
-13.79792,7.635664,272.4015
-14.18782,7.533819,273.098
-14.59151,7.406157,273.784
-15.00937,7.255262,274.4591
-15.44344,7.083457,275.121
-15.89508,6.892832,275.7677
-16.36432,6.685269,276.3985
-16.85479,6.462463,277.0074
-17.36716,6.225937,277.5916
-17.90139,5.977064,278.1491
-18.45653,5.717078,278.6797
-19.03178,5.472291,279.1836
-19.62625,5.241182,279.661
-20.33584,5.022385,279.7499
-21.03463,4.814667,279.9169
-21.73978,4.61692,280.0951
-23.17443,5.508149,280.2704
-24.54594,6.299455,280.4433
-25.8611,7.00083,280.6131
-27.12608,7.621267,280.7789
-28.34607,8.143661,280.9404
-29.52567,8.577816,281.0976
-30.66899,8.932555,281.2508
-31.77973,9.21582,281.4004
-32.86124,9.434759,281.5464
-33.91652,9.595804,281.6888
-34.9483,9.704744,281.8278
-35.959,9.76679,281.9636
-36.9508,9.786632,282.0962
-37.92567,9.768489,282.2257
-38.88535,9.716161,282.3526
-39.83141,9.633065,282.477
-40.76527,9.52228,282.5992
-41.68823,9.386573,282.7192
-42.60158,9.228436,282.8359
-43.5066,9.050114,282.9465
-44.4043,8.853623,283.0492
-45.29553,8.640781,283.1413
-46.18097,8.413224,283.2229
-47.13213,8.212839,283.2939
-48.13267,8.034966,283.3557
-49.17506,7.880219,283.4095
-50.25278,7.749469,283.4567
-51.35947,7.643737,283.498
-52.48875,7.564149,283.5345
-53.63417,7.511874,283.5665
-54.78907,7.488017,283.5938
-55.94647,7.493473,283.6166
-57.09904,7.528715,283.6349
-58.23919,7.593561,283.6489
-59.35926,7.686945,283.6591
-60.45186,7.806767,283.6658
-61.51029,7.94989,283.6695
-62.52892,8.11231,283.6703
-63.50345,8.289463,283.6687
-64.431,8.476574,283.665
-66.06895,8.608974,283.6929
-67.6268,8.692134,283.7222
-69.11256,8.730978,283.754
-70.53343,8.729938,283.7886
-71.89596,8.693001,283.8259
-73.20602,8.623758,283.8656
-74.46893,8.52544,283.9075
-75.68943,8.400953,283.9514
-76.87183,8.252915,283.997
-78.01994,8.083681,284.0447
-79.13719,7.89537,284.0952
-80.22665,7.689891,284.1486
-81.2911,7.468959,284.2054
-82.333,7.234121,284.2659
-83.3546,6.986766,284.3304
-84.35736,6.728147,284.4026
-85.34258,6.45939,284.4853
-86.31149,6.181508,284.5797
-87.26547,6.975415,284.686
-88.20602,7.653931,284.8032
-89.13452,8.228595,284.9301
-90.05224,8.709793,285.0659
-90.9603,9.106871,285.2097
-91.85971,9.428241,285.3607
-92.7514,9.681474,285.5181
-93.63617,9.873384,285.6813
-94.5147,10.0101,285.8502
-95.38755,10.09715,286.0244
-96.25526,10.13949,286.2039
-97.11835,10.1416,286.3882
-97.9772,10.1075,286.5772
-98.83218,10.0408,286.7711
-99.68359,9.94478,286.9697
-100.5318,9.822359,287.1727
-101.3773,9.67618,287.3794
-102.22,9.508619,287.5887
-103.0604,9.321815,287.8
-103.8989,9.11769,288.0123
-104.7362,8.897978,288.2244
-105.5727,8.664237,288.4351
-106.4091,8.44307,288.6431
-107.2464,8.23322,288.8456
-108.0853,8.033555,289.0398
-108.9266,7.843057,289.008
-109.7706,7.660808,289.0016
-110.6174,7.485984,288.9979
-111.4666,7.317843,288.9868
-112.3178,7.155716,288.9639
-113.1703,6.999002,288.9264
-114.0238,6.847158,288.8727
-114.8779,6.6997,288.8019
-115.7248,6.556187,288.7175
-115.8536,7.496225,288.6187
-116.0483,8.33146,288.5089
-116.3028,9.072371,288.3893
-116.6113,9.728392,288.2605
-116.9685,10.28281,288.1242
-117.3701,10.74579,287.9825
-117.8119,11.12646,287.8374
-118.2905,11.43307,287.6912
-118.8025,11.67302,287.5461
-119.3448,11.85298,287.4034
-119.9147,11.97894,287.2642
-120.5095,12.0563,287.1283
-121.1268,12.08993,286.9955
-121.7643,12.08419,286.8654
-122.4201,12.04303,286.7379
-123.1006,11.96998,286.6122
-123.8036,11.86824,286.4887
-124.527,11.74067,286.3689
-125.269,11.58986,286.2539
-126.0278,11.41814,286.1451
-126.8019,11.22758,286.0429
-127.5898,11.02008,285.9471
-128.3903,10.79733,285.8574
-129.2021,10.56085,285.7733
-130.0241,10.31202,285.6944
-130.8554,10.05208,285.6202
-131.6951,9.782128,285.5503
-132.5424,9.503173,285.4841
-133.3966,9.216113,285.4214
-134.2571,8.921759,285.3611
-135.1231,8.62084,285.3021
-135.9943,8.314013,285.2435
-136.8699,8.001869,285.1833
-137.749,7.684939,285.1207
-138.6312,7.363703,285.0552
-139.5162,7.03859,284.9865
-140.4037,6.709988,284.9149
-141.2937,6.378247,284.8407
-142.1858,6.043679,284.7642
-143.0799,5.706569,284.6856
-143.9758,5.367169,284.6049
-144.8734,5.02571,284.5221
-145.7726,4.682396,284.4372
-146.6731,4.337414,284.3498
-147.5749,3.99093,284.2597
-148.4776,3.643094,284.1655
-149.381,3.294042,284.0664
-150.2949,2.943896,283.9593
-151.2181,2.592763,283.8435
-152.1494,2.240745,283.7184
-153.0879,1.887928,283.5848
-154.0331,1.534392,283.4433
-154.9842,1.180211,283.2948
-155.9408,0.825447,283.14
-156.7779,0.8903639,283.0002
-157.6348,0.9033482,282.8527
-158.4989,0.9059445,282.7009
-159.3678,0.906464,282.5475
-160.241,0.9065675,282.3954
-161.1187,0.9065886,282.2491
-162.0008,0.906593,282.1108
-162.8871,0.9065939,281.9846
-163.7772,0.9065939,281.8715
-164.6709,0.9065897,281.7704
-165.5584,0.9065894,281.68
-166.4511,0.870589,281.5982
-167.3486,0.8021887,281.524
-168.2598,1.784628,281.4571
-169.1833,2.632824,281.3965
-170.118,3.3602,281.3367
-171.0623,3.978839,281.2718
-172.0145,4.499614,281.1972
-172.9739,4.932311,281.113
-173.9398,5.285738,281.021
-174.9121,5.567823,280.9248
-175.8905,5.785699,280.8283
-176.8749,5.945787,280.7344
-177.8646,6.053867,280.6451
-178.8594,6.115139,280.5619
-179.8588,6.134284,280.4848
-180.8624,6.115514,280.4138
-181.8698,6.062621,280.3486
-182.8807,5.979018,280.2892
-183.8943,5.867774,280.2357
-184.9816,5.777462,280.1882
-186.1241,5.702144,280.1466
-187.3135,5.642013,280.1108
-188.5431,5.598235,280.0807
-189.8062,5.572095,280.0561
-191.0965,5.564972,280.0365
-192.4075,5.578289,280.0218
-193.7325,5.61344,280.0114
-195.0649,5.671672,280.0053
-196.3973,5.753916,280.003
-197.7225,5.860576,280.0044
-199.0329,5.991302,280.009
-200.321,6.144801,280.0167
-201.5797,6.318745,280.0267
-202.8029,6.509851,280.0377
-203.9856,6.714108,280.0484
-205.124,6.927104,280.0577
-206.216,7.144372,280.0646
-208.0232,7.303913,280.0451
-209.7543,7.4115,280.0219
-211.4169,7.472329,279.9949
-213.018,7.491074,279.9638
-214.5636,7.471945,279.9269
-216.059,7.418729,279.8824
-217.5091,7.334835,279.8284
-218.9176,7.22333,279.7615
-220.288,7.086976,279.6788
-221.6231,6.928257,279.5771
-222.9252,6.749409,279.4546
-224.1968,6.552447,279.3102
-225.4403,6.33918,279.1446
-226.6582,6.111241,278.9584
-227.8525,5.870095,278.7522
-229.0245,5.617064,278.5254
-230.1754,5.353336,278.2776
-231.3063,5.079981,278.0087
-232.4184,4.797962,277.7187
-233.5125,4.508144,277.408
-234.5892,4.211308,277.076
-235.6479,3.908156,276.721
-236.6886,3.599319,276.3424
-237.7103,3.285365,275.9385
-238.7143,2.966807,275.511
-239.7004,2.644105,275.0597
-240.6704,2.317673,274.5867
-241.6262,3.067884,274.0945
-242.5697,3.707075,273.5857
-243.5032,4.246346,273.0633
-244.4289,4.69569,272.5298
-245.3484,5.064099,271.9886
-246.2632,5.359668,271.4414
-247.1777,5.61488,270.8947
-248.0957,5.83377,270.9789
-249.0209,6.019972,270.9958
-249.9571,6.176753,270.9991
-250.9062,6.307056,270.9998
-251.8678,6.413529,271
-252.8392,6.498555,271.0202
-253.8152,6.564278,271.0754
-254.7916,6.612629,271.1716
-255.7668,6.645345,271.3086
-256.7408,6.663989,271.4836
-257.7054,6.669968,271.6872
-257.9523,7.71935,271.9179
-258.2752,8.627793,272.169
-258.6678,9.409392,272.4352
-259.1243,10.07683,272.7119
-259.6397,10.64153,272.9941
-260.2092,11.11375,273.2784
-260.8291,11.50276,273.5572
-261.4951,11.81686,273.8286
-262.2026,12.06355,274.0921
-262.9479,12.24958,274.3475
-263.7275,12.381,274.5937
-264.5383,12.46328,274.8299
-265.3774,12.50133,275.0549
-266.2423,12.49957,275.269
-267.1304,12.46199,275.4722
-268.0396,12.39217,275.6639
-268.9681,12.29333,275.8427
-269.9141,12.16838,276.007
-270.876,12.01992,276.1568
-271.8522,11.85031,276.2913
-272.8413,11.66165,276.4094
-273.842,11.45587,276.512
-274.8533,11.23466,276.6007
-275.8741,10.99957,276.6765
-276.9032,10.75199,276.736
-277.9391,10.49317,276.7738
-278.98,10.22423,276.7849
-280.0242,9.946189,276.7675
-281.0705,9.659948,276.7207
-282.118,9.366332,276.645
-283.1659,9.066077,276.5408
-284.212,8.759848,276.4055
-285.2542,8.448241,276.2365
-286.291,8.131796,276.0334
-287.3215,7.810995,275.7967
-288.3461,7.486274,275.5293
-289.3651,7.158025,275.2346
-290.3789,6.826601,274.9152
-291.3883,6.49232,274.5736
-292.3938,6.155466,274.2124
-293.3965,5.816298,273.8344
-294.3973,5.475047,273.4426
-295.3972,5.13192,273.0397
-296.3969,4.787107,272.6279
-297.3976,4.440775,272.2104
-298.4002,4.093076,271.7902
-299.4064,3.744147,271.3715
-300.419,3.419311,270.9627
-301.4414,3.116159,271.0165
-302.4737,2.832521,271.0273
-303.5114,2.566448,271.064
-303.8287,3.396182,271.1424
-304.2101,4.132143,271.2735
-304.6411,4.783707,271.4636
-305.1161,5.359315,271.7083
-305.6265,5.841362,272.0068
-306.1684,6.239204,272.3542
-306.738,6.561263,272.7462
-307.3307,6.815115,273.1805
-307.9411,7.007582,273.6558
-308.5612,7.144803,274.1732
-309.1852,7.232301,274.7324
-309.8069,7.275049,275.3329
-310.4198,7.277523,275.9746
-311.0126,7.243749,276.659
-311.5844,7.177353,277.3828
-312.1371,7.081596,278.1424
-312.6742,6.959415,278.9335
-313.2019,6.813453,279.7513
-313.727,6.646086,280.5905
-314.26,6.459456,281.4434
-314.808,6.255489,282.3033
-315.3771,6.035919,283.1635
-315.9718,5.802306,284.0177
-316.5943,5.556054,284.8613
-317.2476,5.298428,285.6884
-317.9324,5.030563,286.4947
-318.653,4.753486,287.2694
-319.4098,4.468116,288.0061
-320.2022,4.175283,288.6989
-321.0292,3.900933,289.3427
-321.8885,3.643219,289.1427
-322.7776,3.400476,289.0285
-323.6937,3.171207,289.0057
-324.6341,2.954065,288.9925
-325.5962,2.747837,288.9651
-326.5766,2.551432,288.9174
-326.8518,3.443868,288.844
-327.2114,4.23626,288.7435
-327.6454,4.938613,288.6133
-328.1454,5.55993,288.4522
-328.6942,6.108316,288.2657
-329.2871,6.565863,288.056
-329.9196,6.941656,287.8254
-330.5881,7.243869,287.5765
-331.2891,7.479861,287.3115
-332.0195,7.656253,287.0322
-332.7764,7.779006,286.7399
-333.5568,7.853485,286.435
-334.3574,7.884515,286.1165
-335.1756,7.876442,285.7842
-336.0088,7.833177,285.438
-336.8549,7.758238,285.0775
-337.7213,7.654793,284.6976
-338.605,7.525692,284.2985
-339.5039,7.373502,283.881
-340.4154,7.200531,283.4451
-341.3369,7.008856,282.9905
-342.2661,6.800349,282.5166
-343.2704,6.615932,281.9806
-344.3315,6.449618,281.3954
-345.4393,6.299285,280.7704
-346.5888,6.165739,280.1115
-347.7747,6.049948,279.4234
-348.9916,5.953049,278.7102
-350.2359,5.876333,277.9786
-351.5068,5.821228,277.2411
-352.8032,5.789247,276.5134
-354.122,5.781888,275.8125
-355.457,5.80048,275.1644
-356.7982,5.845937,274.5819
-358.1354,5.918489,274.0708
-359.4589,6.017438,273.6325
-360.7598,6.14102,273.2666
-362.0305,6.286417,272.971
-363.2646,6.44994,272.7433
-364.4571,6.627344,272.5804
-365.6051,6.814173,272.4776
-367.3983,6.946319,272.7426
-369.1198,7.029251,273.0345
-370.7761,7.067889,273.3516
-372.3735,7.066663,273.6922
-373.9176,7.02956,274.0543
-375.4137,6.960167,274.4363
-376.866,6.861714,274.8374
-378.278,6.737106,275.257
-379.6527,6.588959,275.6956
-380.9904,6.419626,276.1558
-382.2938,6.231227,276.637
-383.5613,6.025668,277.144
-384.7943,5.804664,277.6774
-385.9961,5.569761,278.2344
-387.2219,5.366548,278.8564
-388.4603,5.189852,279.5328
-389.7049,5.040124,280.2606
-390.9507,4.917979,281.0351
-392.1944,4.824148,281.8502
-393.4314,4.759414,282.7008
-394.6554,4.724514,283.5833
-395.8525,4.719991,284.5005
-397.0052,4.746014,285.4547
-398.1038,4.802179,286.4416
-399.1364,4.887323,287.4571
-400.0937,4.999416,288.4953
-400.9693,5.135571,289.5492
-401.7619,5.292176,290.6115
-402.4746,5.465132,291.6747
-403.1109,5.650115,292.7329
-403.672,5.84283,293.7814
-404.1578,6.039215,294.8166
-404.5696,6.23559,295.8357
-404.9124,6.428736,296.8363
-405.2503,6.566567,298.5775
-405.5587,6.654615,300.2658
-405.8404,6.697858,301.9065
-406.0965,6.700777,303.5045
-406.3283,6.667404,305.064
-406.5384,6.601368,306.589
-406.7334,6.505936,308.0829
-406.9224,6.384047,309.5482
-407.1241,6.238347,310.9845
-407.3469,6.071217,312.3915
-407.5929,5.8848,313.7707
-407.8607,5.681025,315.1246
-408.1532,5.461627,316.4535
-408.4803,5.228169,317.7533
-408.8545,4.982057,319.0153
-409.2833,4.724555,320.231
-409.7662,4.456805,321.3994
-410.2981,4.179829,322.5245
-410.8735,3.894551,323.6118
-411.4858,3.601801,324.6679
-412.1255,3.302325,325.7026
-412.7834,2.996798,326.7243
-413.4431,2.685823,327.7458
-414.088,3.475145,328.7767
-414.0176,4.174736,329.8224
-414.0035,4.793567,330.8851
-414.0007,5.339715,331.9645
-413.9927,5.820448,333.0592
-413.9588,6.242308,334.1653
-413.8903,6.611182,335.2788
-413.7845,6.932369,336.3973
-413.6436,7.210637,337.52
-413.4709,7.450278,338.6467
-413.2697,7.629955,339.7771
-413.0427,7.755664,340.9109
-412.7925,7.832802,342.0479
-412.5215,7.866227,343.1876
-412.232,7.860309,344.3301
-411.9261,7.818983,345.4752
-411.6051,7.745789,346.6226
-411.2682,7.643915,347.7711
-410.9122,7.516228,348.9185
-410.5339,7.36531,350.0627
-410.1319,7.193483,351.2019
-409.7021,7.00284,352.3329
-409.2434,6.79526,353.4539
-408.7441,6.572439,354.5541
-408.1998,6.3359,355.6269
-407.6107,6.087015,356.6697
-406.9806,5.827018,357.6849
-406.3143,5.557021,358.6762
-405.6192,5.278023,359.6506
-404.903,4.990926,360.6154
-404.1701,4.696538,361.5736
-403.4149,4.395589,362.5333
-402.6395,4.088735,363.4944
-401.8457,3.776566,364.4567
-401.0351,3.459614,365.4196
-400.2092,3.138357,366.3832
-399.7424,2.957556,366.9196
-398.9149,2.470575,367.0161
-398.0767,1.996291,367.2029
-397.2348,1.533436,367.4763
-396.3912,1.080866,367.8289
-395.7062,1.189449,368.186
-395.025,1.211166,368.6376
-394.3702,1.215509,369.1687
-393.7469,1.216378,369.7707
-393.1529,1.216552,370.4356
-392.5849,1.216582,371.1569
-392.0397,1.216588,371.9285
-391.5147,1.21659,372.7452
-391.0097,1.21659,373.6029
-390.5265,1.21659,374.4986
-390.0634,1.18059,375.4265
-389.6166,2.19219,376.3953
-389.1865,3.06663,377.4014
-388.7756,3.817626,378.4419
-388.3884,4.457522,379.5144
-388.025,4.997428,380.6161
-387.6844,5.447344,381.7443
-387.3649,5.816268,382.8964
-387.0666,6.1123,384.0702
-386.7918,6.342729,385.2639
-386.5453,6.514115,386.4758
-386.3292,6.632362,387.7039
-386.1459,6.702785,388.9463
-385.9944,6.730165,390.2014
-385.8787,6.718808,391.4672
-385.802,6.672586,392.7414
-385.7635,6.594986,394.0226
-385.76,6.549771,394.5729
-386.3437,6.443716,394.9282
-386.8805,6.337465,395.386
-387.3743,6.20584,395.9362
-387.8306,6.051377,396.5694
-388.2581,5.876361,397.2769
-388.6637,5.682846,398.0509
-389.0489,5.472683,398.8846
-389.413,5.247536,399.7728
-389.7531,5.008904,400.7104
-390.064,4.758135,401.693
-390.3413,4.496443,402.7164
-390.5801,4.22492,403.7759
-390.7766,3.944549,404.8674
-390.9256,3.656216,405.986
-391.0285,3.360716,407.1284
-391.0874,3.058765,408.2916
-391.1077,2.75101,409.4738
-391.102,2.438031,410.6751
-391.083,2.120349,411.8949
-391.0642,2.878436,413.1322
-391.049,3.524714,414.3852
-391.0375,4.070364,415.6523
-391.0308,4.525448,416.9323
-391.0318,4.899025,418.2238
-391.0481,5.199244,419.5249
-391.0822,5.433441,420.8343
-391.135,5.608218,422.1508
-391.2061,5.729518,423.4734
-391.295,5.802688,424.8015
-391.4004,5.83254,426.1343
-391.5209,5.823407,427.4715
-391.6571,5.779188,428.8122
-391.8092,5.70339,430.1558
-391.9778,5.599173,431.501
-392.1624,5.469377,432.8475
-392.3616,5.31656,434.195
-392.5742,5.143025,435.5436
-392.799,4.950844,436.8931
-393.0346,4.741881,438.2434
-393.28,4.517815,439.5947
-393.5341,4.280155,440.9468
-393.7957,4.030261,442.2998
-394.064,3.769356,443.6537
-394.3378,3.498542,445.0086
-394.6154,3.218809,446.3647
-394.8964,2.93105,447.7219
-395.1804,2.636066,449.0801
-395.467,2.334581,450.4395
-395.7545,2.027244,451.8001
-396.0392,1.714641,453.1627
-396.3197,1.397299,454.5275
-396.5953,1.07569,455.8944
-396.8658,0.7502429,457.2634
-397.1305,0.4213402,458.6346
-397.3886,0.08932772,460.0079
-397.639,-0.2454834,461.3835
-397.8796,-0.5828135,462.7615
-398.1093,-0.9224105,464.1419
-398.3368,-1.201446,465.6031
-398.5608,-1.430816,467.1248
-398.7798,-1.620618,468.6898
-398.9932,-1.775206,470.2882
-399.201,-1.895473,471.9139
-399.4033,-1.982189,473.5609
-399.6,-2.036059,475.2232
-399.7912,-2.057786,476.8954
-399.9767,-2.048146,478.5716
-400.1567,-2.008075,480.2464
-400.3312,-1.938742,481.9142
-400.5002,-1.841635,483.5697
-400.6635,-1.718613,485.2077
-400.8214,-1.57193,486.8235
-400.9739,-1.404224,488.4128
-401.1211,-1.218459,489.9717
-401.2628,-1.017839,491.4972
-401.399,-0.8056949,492.9869
-401.5298,-0.5853686,494.4392
-401.6543,-0.360105,495.8531
-401.7705,-0.1329623,497.2285
-401.8748,0.09544392,498.564
-401.9627,0.329273,499.8547
-402.032,0.5715022,501.0956
-402.0801,0.7535084,503.0745
-402.1145,0.881314,504.9969
-402.1344,0.9603391,506.8683
-402.1404,0.9954616,508.6939
-402.133,0.9910719,510.4781
-402.1124,0.9511212,512.2252
-402.0796,0.8791655,513.9388
-402.0357,0.7784054,515.6223
-401.9818,0.6517213,517.2787
-401.9195,0.5017056,518.9109
-401.85,0.3306916,520.5214
-401.7743,0.1407789,522.1125
-401.6933,-0.06614247,523.6861
-402.2785,0.7703089,523.8
-402.8415,1.622329,523.8
-403.3387,2.353146,523.9337
-403.7766,2.974882,524.1878
-404.161,3.498444,524.5503
-404.4975,3.93365,525.0104
-404.7902,4.289335,525.5583
-405.0426,4.573452,526.1852
-405.2574,4.793157,526.8832
-405.4372,4.954892,527.6451
-405.5826,5.064453,528.4643
-405.6931,5.127058,529.3344
-405.7673,5.147402,530.2496
-405.7981,5.129713,531.2169
-405.7766,5.077792,532.2271
-405.6896,4.995063,533.2681
-405.5303,4.884607,534.329
-405.2913,4.749197,535.3971
-404.9762,4.591327,536.4678
-404.5734,4.413245,537.5198
-404.0741,4.21697,538.524
-403.7692,4.108107,539
-403.0852,3.880725,538.9894
-402.3263,3.640081,538.9404
-401.512,3.387501,538.8279
-400.7539,3.12418,538.5807
-400.0789,2.851191,538.2102
-399.4989,2.5695,537.7311
-399.0152,2.279979,537.1567
-398.6331,1.98341,536.5013
-398.346,1.680498,535.7744
-398.1444,1.371877,534.983
-398.0173,1.058118,534.1326
-397.8676,1.235623,533.3793
-397.7706,1.271125,532.534
-397.7202,1.278225,531.6327
