0,1.968131,0
0,1.354758,0
-0.2175804,1,0.3910218
-0.5821319,1,0.9782442
-0.9519919,1,1.566555
-1.231004,1,2.0111
-1.52439,1,2.4923
-1.829031,1,3.003813
-2.14324,1,3.540026
-2.465566,1,4.096444
-2.794778,1,4.669457
-3.129842,1,5.256167
-3.485377,0.8956001,5.881464
-3.673591,1.87804,6.213337
-3.868556,2.726236,6.557591
-4.06962,3.453613,6.913032
-4.2762,4.072251,7.278586
-4.487769,4.593026,7.653287
-4.703853,5.025723,8.036265
-4.924026,5.379151,8.426738
-5.147904,5.661236,8.823999
-5.375142,5.879112,9.227417
-5.838486,6.147281,10.05049
-6.311925,6.227697,10.89205
-6.793734,6.156034,11.74892
-7.036681,6.072431,12.18264
-7.279611,5.986388,12.62042
-7.5215,5.898149,13.06274
-7.50086,5.71594,13.9614
-7.500034,5.527312,14.88142
-7.500001,5.333483,15.82848
-7.5,5.135441,16.79221
-7.5,4.933987,17.73333
-7.499232,4.72977,18.64697
-7.493773,4.523314,19.53973
-7.482996,4.315044,20.41695
-7.463738,4.105306,21.2828
-7.430707,3.894378,22.14023
-6.653495,4.762486,22.99452
-5.964564,5.603037,23.42025
-5.330815,6.323534,23.84301
-4.744744,6.93598,24.26235
-4.200302,7.451182,24.67806
-3.692133,7.878864,25.08996
-3.216279,8.227777,25.49827
-2.769053,8.505799,25.90312
-2.347134,8.720019,26.30462
-1.947542,8.876818,26.70286
-1.567978,8.981936,27.09814
-1.206611,9.040542,27.49044
-0.8596455,9.057287,27.88371
-0.5256412,9.036358,28.27784
-0.2033021,8.981522,28.67277
0.1085384,8.89617,29.0684
0.4109302,8.783353,29.46466
0.7047479,8.645818,29.86154
0.9901434,8.486036,30.25933
1.266961,8.306232,30.65845
1.534974,8.108409,31.05928
1.794189,7.894368,31.46203
2.045264,7.665731,31.8666
2.288941,7.423958,32.27285
2.525959,7.170362,32.68059
2.756985,6.906126,33.08969
2.982697,6.657514,33.5002
3.203708,6.422962,33.91217
3.084948,6.145645,34.44979
3.080198,5.87139,35.05961
3.080008,5.6222,35.68513
3.08,5.391205,36.32999
3.08,5.170969,37.00098
3.08,4.955472,37.69699
3.08,4.742359,38.41977
3.08,4.530838,39.1666
3.08,4.320462,39.93467
3.08,4.110264,40.72421
3.077481,3.899107,41.53684
2.343454,4.767029,42.37437
1.680881,5.607501,42.80127
1.077008,6.327926,43.23112
0.5245355,6.940308,43.66337
0.01705939,7.455452,44.09752
-0.4506274,7.883082,44.53321
-0.8828957,8.231949,44.97018
-1.283444,8.509929,45.40828
-1.655678,8.724111,45.84731
-2.00282,8.880875,46.2871
-2.327748,8.985962,46.72708
-2.632992,9.04454,47.16714
-2.921885,9.061261,47.61168
-3.196062,9.04031,48.06022
-3.456995,8.985454,48.51239
-3.706008,8.900084,48.9678
-3.944294,8.787251,49.42615
-4.172925,8.6497,49.88713
-4.392866,8.489905,50.35048
-4.604987,8.31009,50.81597
-4.810069,8.112256,51.28338
-5.008817,7.898205,51.75252
-5.201863,7.66956,52.22322
-5.389779,7.427779,52.69531
-5.572738,7.174176,53.16877
-5.750897,6.909934,53.64354
-5.924565,6.636115,54.11954
-6.093767,6.353679,54.59678
-6.257666,6.063486,55.07543
-6.415243,5.766313,55.5557
-6.566784,5.462856,56.0375
-6.712894,5.153746,56.52068
-6.853596,4.839546,57.00519
-6.988128,4.520767,57.49113
-7.116147,4.197865,57.97849
-7.238131,3.871254,58.46717
-7.354682,3.541304,58.95702
-7.466345,4.288348,59.44793
-7.573607,4.924688,59.93979
-7.67691,5.461394,60.43251
-7.776649,5.90843,60.92601
-7.87318,6.274762,61.4202
-7.966737,6.568461,61.91503
-8.05718,6.79679,62.41048
-8.144733,6.966286,62.90652
-8.229712,7.108032,63.40328
-8.312396,7.224804,63.9009
-8.393043,7.319098,64.39951
-8.471881,7.393164,64.89919
-8.450875,7.477128,65.79841
-8.450035,7.504518,66.71798
-8.450001,7.485811,67.64622
-8.45,7.430338,68.57814
-8.45,7.345498,69.50204
-8.45,7.236865,70.42409
-7.709803,8.187973,71.358
-7.027165,9.063909,71.82568
-6.386347,9.816251,72.28779
-5.778473,10.45736,72.74146
-5.197383,10.99835,73.18497
-4.639668,11.44925,73.61862
-4.102989,11.81906,74.0434
-3.585245,12.11589,74.4602
-3.084661,12.34703,74.86993
-2.600009,12.51906,75.27377
-2.130126,12.63789,75.67274
-1.673847,12.70883,76.06762
-1.227166,12.73668,76.46302
-0.7901829,12.72574,76.85983
-0.3630846,12.6799,77.25886
0.05408329,12.60264,77.66071
0.4613362,12.49711,78.06582
0.8581299,12.36613,78.47496
1.242167,12.21225,78.88982
1.612581,12.03776,79.31099
1.965338,11.84472,79.74029
2.299547,11.63498,80.17783
2.614635,11.41021,80.62354
2.911108,11.19712,81.07716
3.19014,10.99454,81.5383
3.084405,10.75733,82.13906
3.080176,10.51424,82.84969
3.080007,10.28341,83.60724
3.08,10.062,84.40462
3.08,9.846087,85.23884
3.08,9.631683,86.10281
3.076733,9.417081,86.99825
3.059867,9.202212,87.92051
3.02081,8.987129,88.86485
2.956614,8.771872,89.82749
2.913812,8.664188,90.31451
2.142003,9.636473,90.80992
1.434481,10.47553,91.30751
0.7835637,11.19468,91.80635
0.1820842,11.80591,92.30588
-0.3764822,12.32003,92.80551
-0.8979907,12.74673,93.30466
-1.387008,13.09476,93.80305
-1.847211,13.37199,94.30058
-2.281566,13.58549,94.7973
-2.69266,13.74164,95.2933
-3.082817,13.84618,95.78864
-3.454046,13.90427,96.28342
-3.809966,13.92055,96.78271
-4.152108,13.89919,97.28607
-4.481661,13.84398,97.79316
-4.799884,13.75828,98.3036
-5.107911,13.64516,98.81708
-5.40676,13.50735,99.33327
-5.69735,13.34732,99.85191
-5.980505,13.16729,100.3727
-6.256971,12.96926,100.8956
-6.527416,12.75504,101.4202
-6.792347,12.52624,101.9464
-7.051938,12.28432,102.4743
-7.306343,12.03059,103.0038
-7.555796,11.76623,103.5349
-7.799908,11.51751,104.0679
-8.037048,11.28287,104.6036
-8.00741,11.06088,105.1431
-8.001482,10.8503,105.6869
-8.000297,10.64997,106.235
-8.000059,10.45888,106.7872
-8.000011,10.2761,107.3436
-8.000002,10.10079,107.904
-8,9.932214,108.4681
-8,9.769696,109.0358
-8,9.61263,109.6069
-8,9.46047,110.1759
-8,9.312727,110.7433
-8,9.168958,111.3096
-7.998443,9.028766,111.875
-7.991969,8.891792,112.4396
-7.97765,8.757716,113.0032
-7.232089,9.706248,113.5712
-6.546977,10.52393,114.1368
-5.913905,11.22384,114.6998
-5.326823,11.81776,115.2601
-4.781133,12.31629,115.818
-4.272695,12.72896,116.3737
-3.797785,13.06437,116.9275
-3.353049,13.33023,117.4795
-2.93547,13.53351,118.0299
-2.542333,13.68047,118.5789
-2.214011,13.77672,119.1228
-1.944022,13.82735,119.6621
-1.729084,13.83692,120.2024
-1.563691,13.80953,120.7434
-1.442314,13.74888,121.2855
-1.35861,13.6583,121.8293
-1.30704,13.54077,122.3756
-1.283295,13.399,122.9245
-1.283288,13.2354,123.4763
-1.302923,13.05217,124.0313
-1.338804,12.85125,124.5895
-1.388688,12.63443,125.151
-1.45097,12.40329,125.7154
-1.524204,12.15927,126.2825
-1.60688,11.90364,126.8521
-1.697434,11.63758,127.4242
-1.794351,11.36213,127.9987
-1.896369,11.07822,128.5755
-2.001722,10.7867,129.1548
-2.076685,10.51353,129.7346
-1.464996,10.0151,130.2258
-0.8470592,9.570328,130.8362
-0.5130398,9.364799,131.1559
-0.1609784,9.169023,131.48
0.2090949,8.982024,131.8059
0.5966043,8.802925,132.1318
1.001146,8.630937,132.4557
1.422635,8.465346,132.7753
1.856317,8.305515,133.0839
2.302943,8.150867,133.3772
2.763309,8.000884,133.6463
3.236179,7.829899,133.8854
3.003995,8.720013,134.0836
2.854582,9.510315,134.2367
2.771261,10.21079,134.3451
2.744581,10.83041,134.4085
2.767554,11.37727,134.4292
2.943491,12.28109,134.3586
3.265868,12.94694,134.1619
3.711732,13.34948,133.8592
4.270742,13.53873,133.4603
4.918459,13.55523,132.9798
5.629637,13.43179,132.4238
6.386949,13.19501,131.8027
6.779988,13.04101,131.4715
7.180475,12.86641,131.1275
7.584943,12.67328,130.7694
7.9895,12.46345,130.3955
8.390538,12.23861,130.0049
8.787269,12.00025,129.5984
9.180026,11.74973,129.1776
9.569208,11.48826,128.7439
9.955172,11.21694,128.2986
10.33824,10.93675,127.8429
10.7187,10.64858,127.3778
11.09681,10.35322,126.9042
11.47281,10.0514,126.423
11.84692,9.743767,125.9349
12.21931,9.430894,125.4407
12.59016,9.113308,124.9409
12.95963,8.791481,124.4361
13.32785,9.545836,123.9269
13.69504,10.18876,123.4136
14.0617,10.73138,122.897
14.42881,11.18375,122.3781
14.79709,11.55488,121.8575
15.1679,11.85289,121.3366
15.54216,12.08511,120.8163
15.92104,12.2581,120.2977
16.30556,12.37779,119.782
16.69682,12.44952,119.2703
17.09643,12.47807,118.7646
17.50569,12.46777,118.2667
17.9262,12.44769,117.7785
18.35934,12.41883,117.3023
19.26866,12.33815,117.6285
20.24123,12.23176,117.6587
20.75086,12.17048,117.6598
21.27489,12.10454,117.66
21.81222,12.03439,117.66
22.36177,11.96045,117.66
22.92253,11.88311,117.66
23.48756,11.8027,117.66
24.05664,11.71954,117.66
24.62955,11.63389,117.66
25.20614,11.546,117.66
25.78624,11.45611,117.66
26.36975,11.3644,117.66
26.95667,11.27106,117.66
27.54666,11.17626,117.66
28.13978,11.08014,117.66
28.73602,10.98283,117.66
29.33534,10.88445,117.66
29.93771,10.78511,117.66
30.54315,10.6849,117.66
31.15161,10.58391,117.66
32.48936,11.56223,117.6606
33.75708,12.40671,117.6629
34.96174,13.13074,117.6676
36.10962,13.74637,117.6749
37.2064,14.26443,117.6847
38.25718,14.69469,117.6968
39.26657,15.04593,117.7108
40.2387,15.32604,117.7267
41.17728,15.54214,117.7447
42.0856,15.70063,117.7654
42.96663,15.80727,117.7894
43.823,15.86724,117.8174
44.66301,15.88522,117.8537
45.48676,15.8654,117.9044
46.25712,15.81157,118.0139
46.97119,15.72711,118.1795
47.62879,15.61511,118.3971
48.23039,15.4783,118.6624
48.77745,15.31917,118.971
49.27337,15.13996,119.3189
49.72287,14.94267,119.702
50.1306,14.7291,120.1169
50.50074,14.5009,120.5603
50.83704,14.25951,121.0295
51.14351,14.00626,121.5218
51.42398,13.74234,122.0349
51.68179,13.46881,122.5666
51.91993,13.18663,123.115
52.14171,12.89667,123.6783
52.35095,12.59971,124.2547
52.55205,12.29644,124.8425
52.74834,11.9875,125.4399
52.9441,11.67345,126.0451
53.1721,11.38001,126.6374
53.7379,10.84691,126.6399
54.4587,10.37405,126.6292
55.30478,9.949997,126.5531
55.7646,9.753301,126.4839
56.24535,9.565474,126.395
56.74475,9.38563,126.2874
57.25996,9.21297,126.1611
57.78231,9.046776,126.018
58.30999,8.886401,125.8571
58.12613,9.786064,125.6736
58.02022,10.55976,125.4672
57.98191,11.22009,125.2368
58.00228,11.77838,124.982
58.07428,12.24485,124.7041
58.19275,12.62867,124.4053
58.55098,13.1806,123.7532
59.04509,13.49086,123.0401
59.64926,13.60537,122.2775
59.98592,13.60114,121.8807
60.34259,13.56133,121.4749
60.71726,13.4895,121.0611
61.10813,13.38885,120.6399
61.51359,13.26227,120.2122
61.93217,13.11234,119.7786
62.36256,12.94141,119.3397
62.80358,12.75157,118.896
63.25417,12.54472,118.4481
63.71337,12.32255,117.9962
64.18032,12.0866,117.5409
64.65424,11.83824,117.0824
65.13445,11.57872,116.6212
65.6203,11.30915,116.1573
66.11124,12.11054,115.6912
66.60692,12.79579,115.2233
67.10746,13.37651,114.7543
67.61312,13.86316,114.2853
68.1242,14.26515,113.8171
68.64087,14.59094,113.3507
69.16357,14.84814,112.8872
69.69277,15.04363,112.4276
70.22883,15.18357,111.973
70.77197,15.27352,111.5243
71.32217,15.31847,111.082
71.8797,15.34812,110.6467
72.44482,15.36401,110.2188
73.01789,15.36751,110.4188
73.5996,15.35987,110.4838
74.19085,15.34218,110.4967
74.79211,15.31547,110.4994
75.40376,15.28062,110.4999
76.02583,15.23846,110.5
76.65853,15.18972,110.5
77.30192,15.13505,110.5
77.95508,15.07505,110.5
78.61042,15.01025,110.5034
79.26756,14.94112,110.5142
79.92565,14.86811,110.537
80.58357,14.7916,110.576
81.24031,14.71195,110.6332
81.18112,15.70946,110.7134
81.19028,16.59641,110.8142
81.25991,17.38387,110.9363
81.38279,18.05659,111.0796
81.52443,18.62603,111.2268
81.6827,19.10253,111.378
82.04245,19.81295,111.6909
82.45061,20.25158,112.0156
82.89799,20.47008,112.3498
83.37713,20.51026,112.6919
83.89066,20.406,113.0461
84.43062,20.18476,113.4181
84.98404,19.86875,113.8151
85.54395,19.47598,114.2376
86.10891,19.02104,114.6809
86.67974,18.51574,115.1392
87.2562,17.96964,115.6085
87.8372,17.3905,116.0867
88.42191,16.7846,116.5722
89.0096,16.15702,117.0636
89.30438,15.83642,117.3112
89.59971,15.51188,117.5598
89.89553,15.1838,117.8094
90.19179,14.85252,118.0598
90.48844,14.51837,118.311
90.78568,14.18164,118.5627
91.08414,13.84258,118.8139
91.38434,13.50142,119.0638
91.68655,13.15838,119.3121
91.99071,12.81365,119.5586
92.2966,12.46739,119.8036
92.60406,12.11975,120.0472
92.91294,11.77088,120.2895
93.22309,12.50089,120.5307
93.53439,13.12191,120.771
93.84671,13.64482,121.0102
94.15996,14.07944,121.2487
94.47404,14.4346,121.4864
95.10438,14.93752,121.96
95.73715,15.20809,122.4314
96.3719,15.29044,122.901
97.00825,15.22036,123.3692
97.64594,15.02678,123.8362
98.28597,14.73319,124.3004
98.92943,14.35858,124.7602
99.57622,13.91834,125.2155
100.2257,13.42495,125.6671
100.8775,12.88851,126.1157
101.5315,12.31719,126.5613
102.1884,11.71762,127.0026
102.5188,11.40896,127.2203
102.8508,11.09516,127.4353
103.1852,10.77675,127.6463
103.8636,10.20094,128.0517
104.5588,9.6935,128.1687
105.2727,9.241429,128.1921
106.0045,8.761133,128.2335
106.7516,8.235293,128.2842
108.2314,8.752563,128.3376
109.2635,9.43161,128.363
110.2332,9.635175,128.0519
111.1469,9.845752,127.8068
112.0065,10.02447,127.5864
112.8174,10.17452,127.3881
113.5884,10.27356,127.2096
114.3233,10.3267,127.0488
115.0257,10.33852,126.9034
115.699,10.31317,126.7716
116.346,10.25435,126.6511
116.9693,10.16541,126.5394
117.571,10.04936,126.434
118.1531,9.908919,126.3327
118.7172,9.746522,126.2334
119.2648,9.564364,126.1341
119.7972,9.364423,126.0334
120.3156,9.148476,125.9309
120.8214,8.918123,125.8265
121.3158,8.674806,125.7201
121.7997,8.41982,125.6114
122.2739,8.154333,125.4999
122.7394,7.879395,125.3857
123.1971,7.59595,125.2691
123.6476,7.30485,125.1502
124.0917,7.00686,125.0292
124.5299,6.702669,124.9063
124.9628,6.392897,124.7813
125.3909,6.078103,124.6542
125.8144,5.758787,124.525
126.2334,5.435403,124.3928
126.6479,6.188358,124.2567
127.0578,6.830017,124.1161
127.4631,7.371511,123.9705
127.8636,7.822855,123.8192
128.2595,8.193064,123.6622
128.6508,8.490252,123.4995
129.4209,8.894045,123.1581
130.1769,9.084316,122.7986
130.9213,9.101636,122.4241
131.6563,8.978866,122.0376
132.3818,8.742621,121.6383
133.0922,8.414463,121.2186
133.7836,8.011855,120.7743
134.4584,7.548943,120.3086
135.1194,7.037184,119.8258
135.7684,6.485859,119.3298
136.4079,5.902486,118.8234
136.7252,5.600732,118.5677
137.0425,5.293154,118.3119
137.361,4.980333,118.0579
137.6819,4.662795,117.8074
138.0069,4.341011,117.5632
138.3361,4.015404,117.3261
138.6693,3.686359,117.0954
139.0059,3.354218,116.8704
139.3457,3.019291,116.6507
139.6883,2.681857,116.4355
140.0334,2.342166,116.2246
140.3809,2.000444,116.0175
140.7304,1.656895,115.8137
141.0817,1.3117,115.613
141.5602,1.492468,115.3478
142.1476,1.49994,115.0256
142.6363,1.5,114.7575
